MISSIONTYPE 1
SIZE 11/30
LIMIT 0/25
COLOR LIMIT 3
STARS 5000/15000/20000
0 0 0 0 0 0 0 0 0 0 0
0 0 0 0 3 5 5 0 0 0 0
0 0 0 6,True 3 6,True 6,True 3 6,True 0 0
0 0 6,True 1 6,True 6,True 6,True 5 6,True 0 0
0 0 6,True 3 3 5 5 5 3 6,True 0
0 0 3 6,True 3 7 1 6,True 5 0 0
0 0 5 6,True 6,True 1 5 6,True 6,True 1 0
0 0 6,True 6,True 6,True 3 6,True 6,True 6,True 0 0
0 0 0 1 5 3 5 5 1 0 0
0 0 0 0 6,True 5 6,True 0 0 0 0
0 0 0 0 0 0 0 0 0 0 0
0 0 0 0 0 0 0 0 0 0 0
0 0 0 0 0 0 0 0 0 0 0
0 0 0 0 0 0 0 0 0 0 0
0 0 0 0 0 0 0 0 0 0 0
0 0 0 0 0 0 0 0 0 0 0
0 0 0 0 0 0 0 0 0 0 0
0 0 0 0 0 0 0 0 0 0 0
0 0 0 0 0 0 0 0 0 0 0
0 0 0 0 0 0 0 0 0 0 0
0 0 0 0 0 0 0 0 0 0 0
0 0 0 0 0 0 0 0 0 0 0
0 0 0 0 0 0 0 0 0 0 0
0 0 0 0 0 0 0 0 0 0 0
0 0 0 0 0 0 0 0 0 0 0
0 0 0 0 0 0 0 0 0 0 0
0 0 0 0 0 0 0 0 0 0 0
0 0 0 0 0 0 0 0 0 0 0
0 0 0 0 0 0 0 0 0 0 0
0 0 0 0 0 0 0 0 0 0 0