MODE 0
SIZE 11/30
LIMIT 0/25
COLOR LIMIT 5
STARS 250/330/600
6 6 6 6 6 6 6 6 6 6 6
0 0 0 0 0 6 0 0 0 0 0
0 0 0 0 6 6 6 6 0 0 0
0 0 0 0 6 6 6 0 0 0 0
0 0 0 0 0 6 6 0 0 0 0
0 0 0 0 0 6 0 0 0 0 0
0 0 0 0 6 6 6 6 0 0 0
0 0 0 0 6 6 6 0 0 0 0
0 0 0 0 0 6 6 0 0 0 0
0 0 0 0 0 6 0 0 0 0 0
0 0 0 0 6 6 6 6 0 0 0
0 0 0 0 6 6 6 0 0 0 0
0 0 0 0 0 6 6 0 0 0 0
0 0 0 0 0 6 0 0 0 0 0
0 0 0 0 6 6 6 6 0 0 0
0 0 0 0 6 6 6 0 0 0 0
0 0 0 0 0 6 6 0 0 0 0
0 0 0 0 0 6 0 0 0 0 0
0 0 0 0 0 0 0 0 0 0 0
0 0 0 0 0 0 0 0 0 0 0
0 0 0 0 0 0 0 0 0 0 0
0 0 0 0 0 0 0 0 0 0 0
0 0 0 0 0 0 0 0 0 0 0
0 0 0 0 0 0 0 0 0 0 0
0 0 0 0 0 0 0 0 0 0 0
0 0 0 0 0 0 0 0 0 0 0
0 0 0 0 0 0 0 0 0 0 0
0 0 0 0 0 0 0 0 0 0 0
0 0 0 0 0 0 0 0 0 0 0
0 0 0 0 0 0 0 0 0 0 0